epoch 0
[1.87214216 2.08180468 3.14543605 1.         4.57690153] 9988.0[1.87214216 2.08180468 3.14543605 1.         4.57690153] 9988
[1.916438   1.11161744 0.         1.234503   1.8313619 ] 4800.0[1.916438   1.11161744 0.         1.234503   1.8313619 ] 4800
[1.47989712 2.18814216 0.         1.         2.76048828] 9624.0[1.47989712 2.18814216 0.         1.         2.76048828] 9624
[2.62402174 2.85441422 0.         1.         1.15859285] 9700.0[2.62402174 2.85441422 0.         1.         1.15859285] 9700
[0.81247265 2.31802493 0.47729667 1.02716935 1.77310925] 4960.0[0.81247265 2.31802493 0.47729667 1.02716935 1.77310925] 4960
[2.65725429 1.96388557 0.         1.59150963 0.81254496] 4800.0[2.65725429 1.96388557 0.         1.59150963 0.81254496] 4800
[0.         2.87625258 4.20391252 1.61323013 1.10926533] 5000.0[0.         2.87625258 4.20391252 1.61323013 1.10926533] 5000
[2.74116886 2.23766375 7.31518203 1.47981883 4.81126873] 4994.0[2.74116886 2.23766375 7.31518203 1.47981883 4.81126873] 4994
[1.5616938  1.32375919 4.55302588 1.         3.70094722] 9992.0[1.5616938  1.32375919 4.55302588 1.         3.70094722] 9992
[0.         1.33337765 2.96181856 1.         2.19775591] 10000.0[0.         1.33337765 2.96181856 1.         2.19775591] 10000
[2.61872636 1.8927629  0.         1.         0.        ] 9800.0[2.61872636 1.8927629  0.         1.         0.        ] 9800
[3.31601729 1.69341661 0.         1.         3.80163589] 9600.0[3.31601729 1.69341661 0.         1.         3.80163589] 9600
[0.         2.26876274 0.39357607 1.43180366 0.65924398] 5000.0[0.         2.26876274 0.39357607 1.43180366 0.65924398] 5000
[1.99197838 2.65653876 0.61463256 1.         1.59862318] 9954.0[1.99197838 2.65653876 0.61463256 1.         1.59862318] 9954
[1.08286492 1.73960059 3.11003804 1.         0.79911352] 10000.0[1.08286492 1.73960059 3.11003804 1.         0.79911352] 10000
[0.         1.68442575 2.43401057 1.         2.3069887 ] 10000.0[0.         1.68442575 2.43401057 1.         2.3069887 ] 10000
[0.2911117  1.         0.         1.653294   0.94903406] 5000.0[0.2911117  1.         0.         1.653294   0.94903406] 5000
[0.         1.60877602 0.         1.         0.85726655] 10000.0[0.         1.60877602 0.         1.         0.85726655] 10000
[3.24850695 2.97553415 0.         1.         3.83508931] 9600.0[3.24850695 2.97553415 0.         1.         3.83508931] 9600
[0.34242564 2.64478183 1.66860444 1.01893794 1.14075142] 4998.0[0.34242564 2.64478183 1.66860444 1.01893794 1.14075142] 4998
[0.         2.10547182 5.01860676 1.6553643  0.37383599] 5000.0[0.         2.10547182 5.01860676 1.6553643  0.37383599] 5000
[0.         1.44434131 0.         1.         1.82821008] 10000.0[0.         1.44434131 0.         1.         1.82821008] 10000
[0.42703934 2.15936308 3.53241399 1.         1.43775865] 10000.0[0.42703934 2.15936308 3.53241399 1.         1.43775865] 10000
[0.99346804 2.13302616 0.         1.         1.50396194] 9684.0[0.99346804 2.13302616 0.         1.         1.50396194] 9684
[0.90340159 2.54102164 0.         1.29534845 2.4735152 ] 4800.0[0.90340159 2.54102164 0.         1.29534845 2.4735152 ] 4800
[0.         2.42029469 0.         1.16612391 2.25710376] 4984.0[0.         2.42029469 0.         1.16612391 2.25710376] 4984
[0.         1.53889871 0.         1.         1.68506771] 10000.0[0.         1.53889871 0.         1.         1.68506771] 10000
[1.17717102 2.91041464 1.1746895  1.         1.06133535] 9990.0[1.17717102 2.91041464 1.1746895  1.         1.06133535] 9990
[0.9320285  1.75452942 0.         1.07197586 2.55139987] 4800.0[0.9320285  1.75452942 0.         1.07197586 2.55139987] 4800
[2.63775982 3.         0.         1.         2.55050831] 9624.0[2.63775982 3.         0.         1.         2.55050831] 9624
[0.45679121 1.71745764 0.         1.65918948 1.36235085] 4800.0[0.45679121 1.71745764 0.         1.65918948 1.36235085] 4800
[3.89640871 1.5235058  1.9102342  1.53792362 1.73374255] 4992.0[3.89640871 1.5235058  1.9102342  1.53792362 1.73374255] 4992
[1.05769948 2.44592365 5.19858416 1.         0.68037359] 10000.0[1.05769948 2.44592365 5.19858416 1.         0.68037359] 10000
[0.         2.11391825 1.60673152 1.37722726 2.07276557] 5000.0[0.         2.11391825 1.60673152 1.37722726 2.07276557] 5000
[0.         1.91609994 0.         1.         3.14631849] 10000.0[0.         1.91609994 0.         1.         3.14631849] 10000
[1.6148137  1.92055685 0.98879942 1.77120964 2.37838356] 4970.0[1.6148137  1.92055685 0.98879942 1.77120964 2.37838356] 4970
[0.         2.1351539  0.         1.         1.10617314] 9992.0[0.         2.1351539  0.         1.         1.10617314] 9992
[1.24568064 2.76290192 0.         1.1612201  1.32627961] 4800.0[1.24568064 2.76290192 0.         1.1612201  1.32627961] 4800
[0.11035797 1.         1.041049   1.         0.        ] 10000.0[0.11035797 1.         1.041049   1.         0.        ] 10000
[2.28677289 1.60214627 0.         1.         0.58167988] 9732.0[2.28677289 1.60214627 0.         1.         0.58167988] 9732
[3.98854512 1.46517166 0.         1.         1.17738159] 9632.0[3.98854512 1.46517166 0.         1.         1.17738159] 9632
[1.55978477 1.36436103 2.47292094 1.         0.        ] 10000.0[1.55978477 1.36436103 2.47292094 1.         0.        ] 10000
[0.         1.         0.         1.01656921 3.44699774] 5000.0[0.         1.         0.         1.01656921 3.44699774] 5000
[0.         1.85965292 0.         1.07137003 1.94981991] 5000.0[0.         1.85965292 0.         1.07137003 1.94981991] 5000
[1.48059897 2.81267169 1.04096149 1.         2.65489848] 9968.0[1.48059897 2.81267169 1.04096149 1.         2.65489848] 9968
[0.         1.48898609 3.10595068 1.         0.        ] 10000.0[0.         1.48898609 3.10595068 1.         0.        ] 10000
[0.88109495 1.91782976 0.         1.26937545 3.8804435 ] 4800.0[0.88109495 1.91782976 0.         1.26937545 3.8804435 ] 4800
[2.97606805 1.65395713 1.4601008  1.         0.        ] 10000.0[2.97606805 1.65395713 1.4601008  1.         0.        ] 10000
[1.97572981 2.46283835 3.88090901 1.         3.79126979] 9992.0[1.97572981 2.46283835 3.88090901 1.         3.79126979] 9992
[3.59424268 2.00869834 0.         1.20515082 3.52314367] 4800.0[3.59424268 2.00869834 0.         1.20515082 3.52314367] 4800
epoch 1
[0.51324083 1.57267543 1.40411626 1.         1.46833844] 9994.0[0.51324083 1.57267543 1.40411626 1.         1.46833844] 9994
[0.         1.01523543 0.         1.00562419 1.62346086] 5000.0[0.         1.01523543 0.         1.00562419 1.62346086] 5000
[0.54457794 1.65670963 1.47173542 1.         1.43222743] 9994.0[0.54457794 1.65670963 1.47173542 1.         1.43222743] 9994
[2.08361901 1.33776237 3.46441095 1.         0.        ] 10000.0[2.08361901 1.33776237 3.46441095 1.         0.        ] 10000
[0.63310726 1.1547367  0.33317431 1.06855047 0.89953881] 4988.0[0.63310726 1.1547367  0.33317431 1.06855047 0.89953881] 4988
[1.07201619 1.18560216 0.72283238 1.00862556 0.37618334] 5000.0[1.07201619 1.18560216 0.72283238 1.00862556 0.37618334] 5000
[1.88375886 1.62849696 3.77735648 1.0084483  0.        ] 5000.0[1.88375886 1.62849696 3.77735648 1.0084483  0.        ] 5000
[1.90446008 1.77879749 5.03348075 1.00481057 0.        ] 5000.0[1.90446008 1.77879749 5.03348075 1.00481057 0.        ] 5000
[1.22930438 1.42933357 2.11009118 1.0174852  0.36922417] 5000.0[1.22930438 1.42933357 2.11009118 1.0174852  0.36922417] 5000
[0.         1.31721153 0.         1.         3.17402249] 10000.0[0.         1.31721153 0.         1.         3.17402249] 10000
[1.0382613  1.63794696 2.4290972  1.0172133  0.73997438] 5000.0[1.0382613  1.63794696 2.4290972  1.0172133  0.73997438] 5000
[1.9383024  1.73834709 4.79454518 1.         0.        ] 10000.0[1.9383024  1.73834709 4.79454518 1.         0.        ] 10000
[0.76965143 1.46659665 1.80963555 1.02743009 0.98680998] 5000.0[0.76965143 1.46659665 1.80963555 1.02743009 0.98680998] 5000
[1.46623009 1.74256575 3.67708283 1.         0.48154141] 10000.0[1.46623009 1.74256575 3.67708283 1.         0.48154141] 10000
[1.12868669 1.03922629 0.3054282  1.01863705 0.36144954] 4978.0[1.12868669 1.03922629 0.3054282  1.01863705 0.36144954] 4978
[0.90564275 1.75087221 2.7150755  1.         1.14047   ] 10000.0[0.90564275 1.75087221 2.7150755  1.         1.14047   ] 10000
[0.64873498 1.56329364 1.49112219 1.02625003 1.15210437] 4996.0[0.64873498 1.56329364 1.49112219 1.02625003 1.15210437] 4996
[0.         1.66938392 0.59699789 1.         2.18501842] 10000.0[0.         1.66938392 0.59699789 1.         2.18501842] 10000
[0.39651232 1.50678725 0.95052189 1.03324838 1.38382859] 5000.0[0.39651232 1.50678725 0.95052189 1.03324838 1.38382859] 5000
[1.85921827 1.61435662 4.14682502 1.         0.        ] 10000.0[1.85921827 1.61435662 4.14682502 1.         0.        ] 10000
[0.70100867 1.20747002 0.33380244 1.         0.79241135] 9978.0[0.70100867 1.20747002 0.33380244 1.         0.79241135] 9978
[1.93759379 1.76869508 4.88003598 1.         0.        ] 10000.0[1.93759379 1.76869508 4.88003598 1.         0.        ] 10000
[0.         1.75860584 0.78882048 1.         2.43210936] 9998.0[0.         1.75860584 0.78882048 1.         2.43210936] 9998
[0.52489913 1.45527133 0.92863779 1.         1.36708354] 9994.0[0.52489913 1.45527133 0.92863779 1.         1.36708354] 9994
[0.54977295 1.37626052 1.00557368 1.00697808 1.04895803] 4998.0[0.54977295 1.37626052 1.00557368 1.00697808 1.04895803] 4998
[1.12733426 1.32159159 1.53065335 1.         0.43344284] 10000.0[1.12733426 1.32159159 1.53065335 1.         0.43344284] 10000
[1.07610059 1.07409968 0.71150339 1.00991378 0.24890853] 5000.0[1.07610059 1.07409968 0.71150339 1.00991378 0.24890853] 5000
[0.02236178 1.24479369 0.         1.         1.72198577] 10000.0[0.02236178 1.24479369 0.         1.         1.72198577] 10000
[0.29885595 1.28397553 0.         1.         1.41681459] 9964.0[0.29885595 1.28397553 0.         1.         1.41681459] 9964
[0.0184583  1.64199324 0.85712881 1.         2.02484618] 10000.0[0.0184583  1.64199324 0.85712881 1.         2.02484618] 10000
[1.14100194 1.40303448 1.58324061 1.00753873 0.50816131] 5000.0[1.14100194 1.40303448 1.58324061 1.00753873 0.50816131] 5000
[1.37319362 1.53173321 2.49907837 1.         0.29319591] 10000.0[1.37319362 1.53173321 2.49907837 1.         0.29319591] 10000
[0.05690887 1.25327145 0.         1.01780728 1.71112256] 5000.0[0.05690887 1.25327145 0.         1.01780728 1.71112256] 5000
[0.10108939 1.76436517 1.58434874 1.         1.77428066] 10000.0[0.10108939 1.76436517 1.58434874 1.         1.77428066] 10000
[2.02778193 1.53351583 3.97891949 1.00964557 0.        ] 5000.0[2.02778193 1.53351583 3.97891949 1.00964557 0.        ] 5000
[1.43867408 1.30903318 2.0423066  1.         0.19818745] 10000.0[1.43867408 1.30903318 2.0423066  1.         0.19818745] 10000
[0.         1.42764564 0.         1.         2.55413123] 10000.0[0.         1.42764564 0.         1.         2.55413123] 10000
[0.3019664  1.49823499 1.03912346 1.         1.47202992] 10000.0[0.3019664  1.49823499 1.03912346 1.         1.47202992] 10000
