epoch 0
[6.02769323 2.1340199  8.52342281] 49848.0[6.02769323 2.1340199  8.52342281] [49848]
[2.54074254 1.26730438 5.98559428] 43178.0[2.54074254 1.26730438 5.98559428] [43178]
[8.3277419  2.64166213 0.        ] 51230.0[8.3277419  2.64166213 0.        ] [51230]
[4.08687023 1.26849479 0.83150941] 51007.0[4.08687023 1.26849479 0.83150941] [51007]
[8.6446545  2.19814847 0.12585869] 51318.0[8.6446545  2.19814847 0.12585869] [51318]
[3.30733168 1.80708044 1.67178762] 51239.0[3.30733168 1.80708044 1.67178762] [51239]
[1.         2.63616704 0.        ] 51254.0[1.         2.63616704 0.        ] [51254]
[5.65260809 1.47847757 0.        ] 51260.0[5.65260809 1.47847757 0.        ] [51260]
[7.65221927 2.36592372 0.        ] 51239.0[7.65221927 2.36592372 0.        ] [51239]
[9.31306719 2.95921274 0.        ] 51210.0[9.31306719 2.95921274 0.        ] [51210]
[5.26963919 2.24798827 2.43376002] 51264.0[5.26963919 2.24798827 2.43376002] [51264]
[1.         1.80394819 1.17438732] 52031.0[1.         1.80394819 1.17438732] [52031]
[4.73240381 1.28149711 1.1065242 ] 50670.0[4.73240381 1.28149711 1.1065242 ] [50670]
[7.68964163 1.89739116 0.33368508] 51401.0[7.68964163 1.89739116 0.33368508] [51401]
[3.05279015 2.43026329 0.        ] 51232.0[3.05279015 2.43026329 0.        ] [51232]
[ 2.72900894  2.24154749 10.        ] 50345.0[ 2.72900894  2.24154749 10.        ] [50345]
[7.52547753 3.         1.664111  ] 51572.0[7.52547753 3.         1.664111  ] [51572]
[1.         1.76747493 0.        ] 51280.0[1.         1.76747493 0.        ] [51280]
[6.27336145 1.68923251 0.76851233] 51304.0[6.27336145 1.68923251 0.76851233] [51304]
[3.59676404 2.62720893 0.37319493] 51471.0[3.59676404 2.62720893 0.37319493] [51471]
epoch 1
[6.10917366 2.14982016 0.24706933] 51390.0[6.10917366 2.14982016 0.24706933] [51390]
[6.12468202 1.49403764 1.06342929] 51027.0[6.12468202 1.49403764 1.06342929] [51027]
[3.68901499 2.19651993 0.47919495] 51506.0[3.68901499 2.19651993 0.47919495] [51506]
[8.54167191 2.64352335 0.9841589 ] 51501.0[8.54167191 2.64352335 0.9841589 ] [51501]
[3.53481134 3.         1.64562124] 51661.0[3.53481134 3.         1.64562124] [51661]
[5.01497603 2.091016   0.64027663] 51463.0[5.01497603 2.091016   0.64027663] [51463]
[4.57718275 2.14296418 1.43271467] 51428.0[4.57718275 2.14296418 1.43271467] [51428]
[10.         2.64611    1.4958046] 51486.0[10.         2.64611    1.4958046] [51486]
[6.64455766 2.30289325 0.71602727] 51465.0[6.64455766 2.30289325 0.71602727] [51465]
[7.23944726 2.82181714 1.35801879] 51552.0[7.23944726 2.82181714 1.35801879] [51552]
[10.          2.15237394  0.51239128] 51413.0[10.          2.15237394  0.51239128] [51413]
[1.         2.03756603 0.33624934] 51726.0[1.         2.03756603 0.33624934] [51726]
[1.         2.66324311 1.69664901] 52210.0[1.         2.66324311 1.69664901] [52210]
[1.31208826 3.         1.71102551] 52056.0[1.31208826 3.         1.71102551] [52056]
[2.87901903 2.24019894 1.24177172] 51581.0[2.87901903 2.24019894 1.24177172] [51581]
[2.09615686 2.55161918 0.11301613] 51402.0[2.09615686 2.55161918 0.11301613] [51402]
[1.83933224 2.1530533  0.83448718] 51706.0[1.83933224 2.1530533  0.83448718] [51706]
[10.          2.34506621  0.        ] 51239.0[10.          2.34506621  0.        ] [51239]
[4.70214874 2.34163848 1.01968724] 51511.0[4.70214874 2.34163848 1.01968724] [51511]
[2.81394036 1.96461014 0.16564021] 51428.0[2.81394036 1.96461014 0.16564021] [51428]
epoch 2
[1.         2.21774703 0.58871318] 51896.0[1.         2.21774703 0.58871318] [51896]
[1.01714645 2.67647245 1.69639167] 52201.0[1.01714645 2.67647245 1.69639167] [52201]
[1.19751551 2.11703409 0.        ] 51256.0[1.19751551 2.11703409 0.        ] [51256]
[1.19048815 2.69855551 1.29143852] 52025.0[1.19048815 2.69855551 1.29143852] [52025]
[1.06007497 2.41286003 0.45521915] 51781.0[1.06007497 2.41286003 0.45521915] [51781]
[1.92536129 2.41698788 0.97462737] 51748.0[1.92536129 2.41698788 0.97462737] [51748]
[1.13215571 2.71754052 1.71512197] 52120.0[1.13215571 2.71754052 1.71512197] [52120]
[1.41535839 1.80132311 0.09112767] 51442.0[1.41535839 1.80132311 0.09112767] [51442]
[1.96489523 2.73805962 1.58901998] 51798.0[1.96489523 2.73805962 1.58901998] [51798]
[1.         2.51406298 1.34264989] 52149.0[1.         2.51406298 1.34264989] [52149]
[1.         3.         2.80605158] 52300.0[1.         3.         2.80605158] [52300]
[1.37615272 2.77247921 1.555269  ] 51973.0[1.37615272 2.77247921 1.555269  ] [51973]
[1.07901674 2.73104271 1.04411982] 52038.0[1.07901674 2.73104271 1.04411982] [52038]
[1.47191717 2.61111575 0.53512383] 51712.0[1.47191717 2.61111575 0.53512383] [51712]
[1.78001459 2.6867325  1.97563957] 51851.0[1.78001459 2.6867325  1.97563957] [51851]
[1.14074454 2.25132852 1.36944354] 52010.0[1.14074454 2.25132852 1.36944354] [52010]
[1.38413065 2.39894786 0.9181604 ] 51886.0[1.38413065 2.39894786 0.9181604 ] [51886]
[1.14049414 2.97090926 1.8630208 ] 52158.0[1.14049414 2.97090926 1.8630208 ] [52158]
[1.         2.32066566 0.58969396] 51898.0[1.         2.32066566 0.58969396] [51898]
[1.         2.73957132 1.53632655] 52192.0[1.         2.73957132 1.53632655] [52192]
