epoch 0
[1.79696056 1.74783816 1.77567842] 38554.0[1.79696056 1.74783816 1.77567842] [38554]
[5.45870365 1.15746679 0.        ] 38384.0[5.45870365 1.15746679 0.        ] [38384]
[4.53641417 3.21152183 0.        ] 38344.0[4.53641417 3.21152183 0.        ] [38344]
[3.35296318 1.86895337 0.31330835] 38540.0[3.35296318 1.86895337 0.31330835] [38540]
[5.27001918 2.01297176 3.11420046] 38125.0[5.27001918 2.01297176 3.11420046] [38125]
[2.56006828 1.69177766 4.80538958] 37310.0[2.56006828 1.69177766 4.80538958] [37310]
[0.         1.         0.12372298] 39748.0[0.         1.         0.12372298] [39748]
[5.96797181 1.         7.14514506] 26304.0[5.96797181 1.         7.14514506] [26304]
[6.32361978 1.79628394 0.77568562] 38470.0[6.32361978 1.79628394 0.77568562] [38470]
[3.54794639 2.35226879 0.        ] 38371.0[3.54794639 2.35226879 0.        ] [38371]
[1.24085242 1.00672132 0.0132557 ] 38458.0[1.24085242 1.00672132 0.0132557 ] [38458]
[4.26211594 1.39588081 0.        ] 38380.0[4.26211594 1.39588081 0.        ] [38380]
[7.00987422 1.37599547 0.20357421] 38464.0[7.00987422 1.37599547 0.20357421] [38464]
[0.24126562 1.11532113 5.35870159] 39204.0[0.24126562 1.11532113 5.35870159] [39204]
[0.60227174 2.70184356 0.        ] 38434.0[0.60227174 2.70184356 0.        ] [38434]
[5.53668326 4.         0.        ] 38290.0[5.53668326 4.         0.        ] [38290]
[0.         2.67394095 0.        ] 39061.0[0.         2.67394095 0.        ] [39061]
[10.          1.55524317  0.        ] 38379.0[10.          1.55524317  0.        ] [38379]
[6.69274395 1.         0.        ] 38390.0[6.69274395 1.         0.        ] [38390]
[6.42351577 2.09746386 0.        ] 38372.0[6.42351577 2.09746386 0.        ] [38372]
[1.27017396 2.81758504 4.12980596] 39015.0[1.27017396 2.81758504 4.12980596] [39015]
[2.14842137 1.         0.        ] 38411.0[2.14842137 1.         0.        ] [38411]
[3.35666571 1.80635796 0.        ] 38380.0[3.35666571 1.80635796 0.        ] [38380]
[5.7427377  1.32277697 0.        ] 38382.0[5.7427377  1.32277697 0.        ] [38382]
[5.62943644 2.45488378 1.66133961] 38567.0[5.62943644 2.45488378 1.66133961] [38567]
[6.32000543 1.49718212 6.29725374] 34584.0[6.32000543 1.49718212 6.29725374] [34584]
[5.98345498 2.85821164 7.05126935] 38301.0[5.98345498 2.85821164 7.05126935] [38301]
[0.51200673 2.32720836 3.2288081 ] 39667.0[0.51200673 2.32720836 3.2288081 ] [39667]
[6.22064417 3.01327296 0.79051834] 38628.0[6.22064417 3.01327296 0.79051834] [38628]
[7.80547379 2.35371826 0.54249714] 38552.0[7.80547379 2.35371826 0.54249714] [38552]
[4.40551062 1.79944972 0.        ] 38376.0[4.40551062 1.79944972 0.        ] [38376]
[1.0908192  1.29144825 0.        ] 38434.0[1.0908192  1.29144825 0.        ] [38434]
[2.20128239 2.59266656 0.        ] 38382.0[2.20128239 2.59266656 0.        ] [38382]
[4.32973228 3.89886192 1.07589049] 38716.0[4.32973228 3.89886192 1.07589049] [38716]
[4.35507774 1.53718276 2.47972597] 37576.0[4.35507774 1.53718276 2.47972597] [37576]
[7.70292349 1.         1.62717077] 34248.0[7.70292349 1.         1.62717077] [34248]
[3.38333904 2.51324654 0.        ] 38368.0[3.38333904 2.51324654 0.        ] [38368]
[4.93861978 1.21354415 0.64616151] 38268.0[4.93861978 1.21354415 0.64616151] [38268]
[5.17318481 1.55011829 0.        ] 38379.0[5.17318481 1.55011829 0.        ] [38379]
[6.72877894 3.57933818 1.08643271] 38672.0[6.72877894 3.57933818 1.08643271] [38672]
[4.92842557 1.         4.93525753] 27927.0[4.92842557 1.         4.93525753] [27927]
[0.91234321 2.03833941 5.7498469 ] 38888.0[0.91234321 2.03833941 5.7498469 ] [38888]
[2.19176792 1.41421187 4.44139212] 36122.0[2.19176792 1.41421187 4.44139212] [36122]
[1.53940507 1.41705836 0.        ] 38418.0[1.53940507 1.41705836 0.        ] [38418]
[8.48899966 1.91055279 0.14378539] 38463.0[8.48899966 1.91055279 0.14378539] [38463]
[6.73218797 2.88461815 0.        ] 38354.0[6.73218797 2.88461815 0.        ] [38354]
[6.79875951 3.13538428 5.60860517] 38468.0[6.79875951 3.13538428 5.60860517] [38468]
[7.93110972 3.09294608 0.        ] 38349.0[7.93110972 3.09294608 0.        ] [38349]
[0.        1.4572065 0.       ] 39080.0[0.        1.4572065 0.       ] [39080]
[0.         1.         0.81318201] 40000.0[0.         1.         0.81318201] [40000]
epoch 1
[0. 1. 0.] 39090.0[0. 1. 0.] [39090]
[0. 1. 0.] 39090.0[0. 1. 0.] [39090]
[0.22591931 1.44024722 1.559837  ] 39906.0[0.22591931 1.44024722 1.559837  ] [39906]
[0.11187173 1.42180635 1.90619166] 39964.0[0.11187173 1.42180635 1.90619166] [39964]
[0.81063689 2.95594346 4.86753068] 39361.0[0.81063689 2.95594346 4.86753068] [39361]
[0.3724611  1.88137659 2.44718853] 39819.0[0.3724611  1.88137659 2.44718853] [39819]
[0.13517491 1.27848478 0.74246886] 39893.0[0.13517491 1.27848478 0.74246886] [39893]
[0.45311489 1.80636408 2.70937727] 39705.0[0.45311489 1.80636408 2.70937727] [39705]
[0.64568104 2.45477311 3.87259086] 39494.0[0.64568104 2.45477311 3.87259086] [39494]
[0. 1. 0.] 39090.0[0. 1. 0.] [39090]
[0.         1.         0.40940782] 39997.0[0.         1.         0.40940782] [39997]
[0.31269964 1.15232877 0.63441133] 39639.0[0.31269964 1.15232877 0.63441133] [39639]
[0. 1. 0.] 39090.0[0. 1. 0.] [39090]
[0. 1. 0.] 39090.0[0. 1. 0.] [39090]
[0.72601582 2.89338626 3.72670463] 39445.0[0.72601582 2.89338626 3.72670463] [39445]
[0.09828485 1.5732493  1.75152034] 39964.0[0.09828485 1.5732493  1.75152034] [39964]
[0.47799491 2.33955301 3.02175513] 39715.0[0.47799491 2.33955301 3.02175513] [39715]
[0.22539002 1.83182356 2.38519898] 39920.0[0.22539002 1.83182356 2.38519898] [39920]
[0.02521497 1.03530324 0.46142525] 39964.0[0.02521497 1.03530324 0.46142525] [39964]
[0.14056511 1.69355631 2.38637363] 39963.0[0.14056511 1.69355631 2.38637363] [39963]
[0.59187351 2.08745202 2.92970876] 39513.0[0.59187351 2.08745202 2.92970876] [39513]
[0. 1. 0.] 39090.0[0. 1. 0.] [39090]
[0.35924799 1.88486912 2.30746934] 39830.0[0.35924799 1.88486912 2.30746934] [39830]
[0.         1.09386154 0.82308662] 40000.0[0.         1.09386154 0.82308662] [40000]
[0.28491478 1.91778522 2.87095991] 39905.0[0.28491478 1.91778522 2.87095991] [39905]
[0.         1.37955862 1.0127232 ] 40000.0[0.         1.37955862 1.0127232 ] [40000]
[0.11385329 1.2198415  0.83302146] 39914.0[0.11385329 1.2198415  0.83302146] [39914]
[0.17731397 1.38622406 1.31385461] 39915.0[0.17731397 1.38622406 1.31385461] [39915]
[0.04059292 1.         0.03360423] 39090.0[0.04059292 1.         0.03360423] [39090]
[0. 1. 0.] 39090.0[0. 1. 0.] [39090]
[0.         1.01898736 0.98272214] 40000.0[0.         1.01898736 0.98272214] [40000]
[0.         1.         0.44242312] 39998.0[0.         1.         0.44242312] [39998]
[0.26746457 1.61886016 1.52780456] 39877.0[0.26746457 1.61886016 1.52780456] [39877]
[0.20866953 1.23547479 0.93773566] 39859.0[0.20866953 1.23547479 0.93773566] [39859]
[0.22757962 1.89155086 2.31280521] 39916.0[0.22757962 1.89155086 2.31280521] [39916]
[0.15504692 1.06946862 1.0707104 ] 39916.0[0.15504692 1.06946862 1.0707104 ] [39916]
[0.22626847 1.25021549 1.79709774] 39917.0[0.22626847 1.25021549 1.79709774] [39917]
[0.07072909 1.20960437 0.73913175] 39937.0[0.07072909 1.20960437 0.73913175] [39937]
[0. 1. 0.] 39090.0[0. 1. 0.] [39090]
[0.3485456  2.08418412 2.5187395 ] 39852.0[0.3485456  2.08418412 2.5187395 ] [39852]
[0.00239957 1.         0.        ] 39056.0[0.00239957 1.         0.        ] [39056]
[0.         1.07941633 0.63260765] 40000.0[0.         1.07941633 0.63260765] [40000]
[0. 1. 0.] 39090.0[0. 1. 0.] [39090]
[0.19263319 1.77311751 2.65747315] 39958.0[0.19263319 1.77311751 2.65747315] [39958]
[0.75817963 2.87555879 4.74231268] 39406.0[0.75817963 2.87555879 4.74231268] [39406]
[0.41083982 1.77358631 2.06615357] 39752.0[0.41083982 1.77358631 2.06615357] [39752]
[0. 1. 0.] 39090.0[0. 1. 0.] [39090]
[0.40808295 2.37297824 3.12381674] 39797.0[0.40808295 2.37297824 3.12381674] [39797]
[0. 1. 0.] 39090.0[0. 1. 0.] [39090]
[0. 1. 0.] 39090.0[0. 1. 0.] [39090]
epoch 2
[0.         1.         0.86058591] 40000.0[0.         1.         0.86058591] [40000]
[0.         1.         0.73362039] 40000.0[0.         1.         0.73362039] [40000]
[0.10133522 1.70766845 1.54751631] 39962.0[0.10133522 1.70766845 1.54751631] [39962]
[0.02340266 1.44582674 1.16890066] 39975.0[0.02340266 1.44582674 1.16890066] [39975]
[0.         1.0420351  0.95080441] 40000.0[0.         1.0420351  0.95080441] [40000]
[8.81617925e-05 1.09205068e+00 7.41618204e-01] 40000.0[8.81617925e-05 1.09205068e+00 7.41618204e-01] [40000]
[0.         1.10652086 0.89769381] 40000.0[0.         1.10652086 0.89769381] [40000]
[0.         1.15468386 0.91391438] 40000.0[0.         1.15468386 0.91391438] [40000]
[0.04644932 1.0084562  0.89821531] 39968.0[0.04644932 1.0084562  0.89821531] [39968]
[0.         1.         0.32659035] 39990.0[0.         1.         0.32659035] [39990]
[0.         1.29393082 1.21130535] 40000.0[0.         1.29393082 1.21130535] [40000]
[0.16600446 1.13057831 0.89155791] 39891.0[0.16600446 1.13057831 0.89155791] [39891]
[0.08280844 1.05429931 0.94204052] 39961.0[0.08280844 1.05429931 0.94204052] [39961]
[0.         1.18833337 0.69449107] 40000.0[0.         1.18833337 0.69449107] [40000]
[0.         1.19564608 1.26241186] 40000.0[0.         1.19564608 1.26241186] [40000]
[0.04522191 1.17162197 0.94710538] 39972.0[0.04522191 1.17162197 0.94710538] [39972]
[0.         1.         0.64306244] 40000.0[0.         1.         0.64306244] [40000]
[0.         1.43148817 1.18590906] 40000.0[0.         1.43148817 1.18590906] [40000]
[0.         1.15740037 0.93561982] 40000.0[0.         1.15740037 0.93561982] [40000]
[0.16173962 1.04644125 0.61037845] 39825.0[0.16173962 1.04644125 0.61037845] [39825]
[0.         1.01059553 0.90427172] 40000.0[0.         1.01059553 0.90427172] [40000]
[0.0946088 1.0214165 0.7724698] 39926.0[0.0946088 1.0214165 0.7724698] [39926]
[0.         1.14894134 1.21760811] 40000.0[0.         1.14894134 1.21760811] [40000]
[0.05204364 1.         0.80927605] 39964.0[0.05204364 1.         0.80927605] [39964]
[0.07879448 1.         1.07156033] 39964.0[0.07879448 1.         1.07156033] [39964]
[0.         1.33472639 1.17082764] 40000.0[0.         1.33472639 1.17082764] [40000]
[0.05768053 1.11245095 1.17594016] 39972.0[0.05768053 1.11245095 1.17594016] [39972]
[0.         1.11533177 0.99690386] 40000.0[0.         1.11533177 0.99690386] [40000]
[0.01394352 1.         0.55263023] 39975.0[0.01394352 1.         0.55263023] [39975]
[0.         1.36609537 1.0432886 ] 40000.0[0.         1.36609537 1.0432886 ] [40000]
[0.07015293 1.         0.58617136] 39925.0[0.07015293 1.         0.58617136] [39925]
[0.20285263 1.12759695 1.30377626] 39909.0[0.20285263 1.12759695 1.30377626] [39909]
[0.         1.03195242 0.70037084] 40000.0[0.         1.03195242 0.70037084] [40000]
[0.20725501 1.06581172 1.04975142] 39885.0[0.20725501 1.06581172 1.04975142] [39885]
[0.01996926 1.01108973 0.62228199] 39975.0[0.01996926 1.01108973 0.62228199] [39975]
[0.         1.06607364 0.78565264] 40000.0[0.         1.06607364 0.78565264] [40000]
[0.04423296 1.06961702 0.92923988] 39972.0[0.04423296 1.06961702 0.92923988] [39972]
[0.         1.22747798 0.87274167] 40000.0[0.         1.22747798 0.87274167] [40000]
[0.         1.27625344 1.18796425] 40000.0[0.         1.27625344 1.18796425] [40000]
[0.         1.12865823 0.91441469] 40000.0[0.         1.12865823 0.91441469] [40000]
[0.         1.32363315 0.92768896] 40000.0[0.         1.32363315 0.92768896] [40000]
[0.         1.47279421 0.98071704] 40000.0[0.         1.47279421 0.98071704] [40000]
[0.06625755 1.08602223 0.71026325] 39938.0[0.06625755 1.08602223 0.71026325] [39938]
[0.         1.29160739 0.9432473 ] 40000.0[0.         1.29160739 0.9432473 ] [40000]
[0.         1.28456796 0.76080316] 40000.0[0.         1.28456796 0.76080316] [40000]
[0.         1.31677462 0.59813033] 39999.0[0.         1.31677462 0.59813033] [39999]
[0.1040179  1.36993246 0.89801954] 39924.0[0.1040179  1.36993246 0.89801954] [39924]
[0.13062426 1.29351184 1.08473872] 39920.0[0.13062426 1.29351184 1.08473872] [39920]
[0.         1.44308307 1.22732157] 40000.0[0.         1.44308307 1.22732157] [40000]
[0.03801533 1.17283089 0.66856198] 39965.0[0.03801533 1.17283089 0.66856198] [39965]
