epoch 0
[4.53574934 3.72800701 0.78893455] 38679.0[4.53574934 3.72800701 0.78893455] [38679]
[2.07230511 1.         2.6009652 ] 32876.0[2.07230511 1.         2.6009652 ] [32876]
[1.         2.56841357 0.        ] 38416.0[1.         2.56841357 0.        ] [38416]
[6.27329845 2.91069412 2.12182988] 38616.0[6.27329845 2.91069412 2.12182988] [38616]
[1.         1.58944575 0.        ] 38434.0[1.         1.58944575 0.        ] [38434]
[7.51259504 1.         0.60090537] 37896.0[7.51259504 1.         0.60090537] [37896]
[3.0944038  1.         4.73294063] 28874.0[3.0944038  1.         4.73294063] [28874]
[1.1323097  1.66346539 2.49978517] 38711.0[1.1323097  1.66346539 2.49978517] [38711]
[3.23799244 1.         2.51119643] 32235.0[3.23799244 1.         2.51119643] [32235]
[5.3066013  1.05187553 0.        ] 38387.0[5.3066013  1.05187553 0.        ] [38387]
[8.19763261 2.34148876 6.04828266] 37910.0[8.19763261 2.34148876 6.04828266] [37910]
[2.72927234 1.68673138 0.57008119] 38574.0[2.72927234 1.68673138 0.57008119] [38574]
[9.91134656 1.21172066 1.25023896] 37440.0[9.91134656 1.21172066 1.25023896] [37440]
[1.         3.34385607 0.        ] 38393.0[1.         3.34385607 0.        ] [38393]
[4.8584501  2.30370541 5.00178956] 38104.0[4.8584501  2.30370541 5.00178956] [38104]
[4.95433682 1.57689177 5.73997617] 35855.0[4.95433682 1.57689177 5.73997617] [35855]
[1.1732714  2.43812818 1.13354431] 38978.0[1.1732714  2.43812818 1.13354431] [38978]
[5.57302595 1.94701976 2.7912919 ] 38114.0[5.57302595 1.94701976 2.7912919 ] [38114]
[4.47349014 1.87655305 1.22611448] 38466.0[4.47349014 1.87655305 1.22611448] [38466]
[3.20957603 3.13974085 3.09920175] 38737.0[3.20957603 3.13974085 3.09920175] [38737]
[4.80576006 2.48599525 0.        ] 38367.0[4.80576006 2.48599525 0.        ] [38367]
[4.6990889  2.1479471  3.54127377] 38195.0[4.6990889  2.1479471  3.54127377] [38195]
[3.36360546 3.46428454 0.        ] 38338.0[3.36360546 3.46428454 0.        ] [38338]
[1.         2.75861236 1.06244369] 39043.0[1.         2.75861236 1.06244369] [39043]
[3.00638908 1.9589245  1.6104049 ] 38530.0[3.00638908 1.9589245  1.6104049 ] [38530]
[2.81142673 2.42019385 0.        ] 38378.0[2.81142673 2.42019385 0.        ] [38378]
[1.81334371 1.15339604 5.14162122] 32039.0[1.81334371 1.15339604 5.14162122] [32039]
[7.81289908 3.03682462 2.21227035] 38611.0[7.81289908 3.03682462 2.21227035] [38611]
[1.88031106 1.59842212 4.01812445] 37599.0[1.88031106 1.59842212 4.01812445] [37599]
[2.78599876 1.32170102 3.11670905] 36248.0[2.78599876 1.32170102 3.11670905] [36248]
[4.49180826 1.02895153 2.25464161] 33085.0[4.49180826 1.02895153 2.25464161] [33085]
[8.46652037 2.59221821 4.73241564] 38260.0[8.46652037 2.59221821 4.73241564] [38260]
[7.96999249 1.         0.        ] 38390.0[7.96999249 1.         0.        ] [38390]
[2.42742844 1.94012257 0.        ] 38391.0[2.42742844 1.94012257 0.        ] [38391]
[1.         2.17122313 0.        ] 38424.0[1.         2.17122313 0.        ] [38424]
[3.06781853 1.         0.        ] 38398.0[3.06781853 1.         0.        ] [38398]
[2.75096433 1.1453761  1.91195537] 36392.0[2.75096433 1.1453761  1.91195537] [36392]
[3.85164263 1.64279751 0.        ] 38378.0[3.85164263 1.64279751 0.        ] [38378]
[5.30708961 1.         1.5584096 ] 34755.0[5.30708961 1.         1.5584096 ] [34755]
[5.43880534 1.97100094 0.        ] 38374.0[5.43880534 1.97100094 0.        ] [38374]
[1.48199027 1.         0.91718293] 38074.0[1.48199027 1.         0.91718293] [38074]
[1.         2.65028045 0.        ] 38413.0[1.         2.65028045 0.        ] [38413]
[1.50441572 1.5033373  0.        ] 38418.0[1.50441572 1.5033373  0.        ] [38418]
[4.76039323 1.64718368 1.23891117] 38315.0[4.76039323 1.64718368 1.23891117] [38315]
[4.97163664 1.05218895 4.08457915] 29765.0[4.97163664 1.05218895 4.08457915] [29765]
[1.48597676 3.08059689 0.        ] 38386.0[1.48597676 3.08059689 0.        ] [38386]
[5.86196601 1.83598646 0.20995515] 38483.0[5.86196601 1.83598646 0.20995515] [38483]
[4.92183322 1.30772812 0.        ] 38382.0[4.92183322 1.30772812 0.        ] [38382]
[5.37586054 3.4603466  0.61880269] 38621.0[5.37586054 3.4603466  0.61880269] [38621]
[1.        2.8027484 0.       ] 38408.0[1.        2.8027484 0.       ] [38408]
epoch 1
[2.85870013 3.2940805  2.80363216] 38794.0[2.85870013 3.2940805  2.80363216] [38794]
[2.54875667 2.97438899 2.33732342] 38779.0[2.54875667 2.97438899 2.33732342] [38779]
[1.96941408 2.28609546 1.67624306] 38738.0[1.96941408 2.28609546 1.67624306] [38738]
[1.         2.56297513 1.33506811] 39087.0[1.         2.56297513 1.33506811] [39087]
[1.         2.19243758 0.        ] 38424.0[1.         2.19243758 0.        ] [38424]
[1.02241664 2.49094288 0.87345893] 38984.0[1.02241664 2.49094288 0.87345893] [38984]
[2.02555426 2.88975611 2.04931543] 38834.0[2.02555426 2.88975611 2.04931543] [38834]
[2.91982766 3.13627596 2.90978855] 38767.0[2.91982766 3.13627596 2.90978855] [38767]
[2.83195769 3.04731685 2.84671956] 38763.0[2.83195769 3.04731685 2.84671956] [38763]
[1.         2.46112058 0.        ] 38419.0[1.         2.46112058 0.        ] [38419]
[1.78558586 3.03807385 1.72823312] 38875.0[1.78558586 3.03807385 1.72823312] [38875]
[2.21753373 2.78636646 2.20434219] 38793.0[2.21753373 2.78636646 2.20434219] [38793]
[1.         2.24484006 0.31275507] 38699.0[1.         2.24484006 0.31275507] [38699]
[1.01823744 2.85258531 1.08881305] 39043.0[1.01823744 2.85258531 1.08881305] [39043]
[2.30774242 2.73261224 2.32216062] 38769.0[2.30774242 2.73261224 2.32216062] [38769]
[3.31606807 2.87537913 3.16062852] 38670.0[3.31606807 2.87537913 3.16062852] [38670]
[1.40923009 2.91762472 1.38579931] 38950.0[1.40923009 2.91762472 1.38579931] [38950]
[2.43020732 2.90241374 2.3932916 ] 38785.0[2.43020732 2.90241374 2.3932916 ] [38785]
[1.         2.22181435 0.        ] 38424.0[1.         2.22181435 0.        ] [38424]
[1.         2.33227176 0.        ] 38423.0[1.         2.33227176 0.        ] [38423]
[1.         2.65647426 0.53911028] 38869.0[1.         2.65647426 0.53911028] [38869]
[1.         2.60132161 0.28667304] 38649.0[1.         2.60132161 0.28667304] [38649]
[1.37322557 2.58398467 1.26823104] 38929.0[1.37322557 2.58398467 1.26823104] [38929]
[1.         2.30194592 0.        ] 38423.0[1.         2.30194592 0.        ] [38423]
[3.06072211 3.16525595 3.00393059] 38755.0[3.06072211 3.16525595 3.00393059] [38755]
[2.8752142  3.04917735 2.90252239] 38757.0[2.8752142  3.04917735 2.90252239] [38757]
[2.82392797 3.06358676 2.6464356 ] 38764.0[2.82392797 3.06358676 2.6464356 ] [38764]
[1.         2.57079818 0.        ] 38416.0[1.         2.57079818 0.        ] [38416]
[3.24073806 3.03334548 3.1957047 ] 38729.0[3.24073806 3.03334548 3.1957047 ] [38729]
[3.38595926 2.98778472 3.22986895] 38701.0[3.38595926 2.98778472 3.22986895] [38701]
[1.         2.31129912 0.12274396] 38530.0[1.         2.31129912 0.12274396] [38530]
[1.         2.7713305  0.68205696] 38944.0[1.         2.7713305  0.68205696] [38944]
[1.         1.74311002 0.        ] 38432.0[1.         1.74311002 0.        ] [38432]
[1.87064146 2.82260987 1.75179374] 38836.0[1.87064146 2.82260987 1.75179374] [38836]
[1.75370335 2.95738602 1.70586985] 38870.0[1.75370335 2.95738602 1.70586985] [38870]
[1.         2.12315118 0.24117181] 38629.0[1.         2.12315118 0.24117181] [38629]
[2.00668305 3.00818815 2.00415924] 38848.0[2.00668305 3.00818815 2.00415924] [38848]
[2.30123474 2.71184975 2.02662481] 38756.0[2.30123474 2.71184975 2.02662481] [38756]
[3.78860835 3.229192   3.79348717] 38695.0[3.78860835 3.229192   3.79348717] [38695]
[4.07954506 3.21647812 3.83411382] 38664.0[4.07954506 3.21647812 3.83411382] [38664]
[1.82153537 2.49360472 1.89262317] 38805.0[1.82153537 2.49360472 1.89262317] [38805]
[4.15416517 3.25239191 4.09756806] 38665.0[4.15416517 3.25239191 4.09756806] [38665]
[1.         2.38202698 0.        ] 38423.0[1.         2.38202698 0.        ] [38423]
[1.         2.48312642 0.60221349] 38908.0[1.         2.48312642 0.60221349] [38908]
[3.86952108 3.0886717  3.61896695] 38656.0[3.86952108 3.0886717  3.61896695] [38656]
[1.         2.46504745 0.71133284] 38943.0[1.         2.46504745 0.71133284] [38943]
[2.72060786 3.16994062 2.59276502] 38796.0[2.72060786 3.16994062 2.59276502] [38796]
[1.40340094 2.42565468 1.45911863] 38897.0[1.40340094 2.42565468 1.45911863] [38897]
[1.7501214  2.7275979  1.75944086] 38847.0[1.7501214  2.7275979  1.75944086] [38847]
[1.         2.06636944 0.        ] 38427.0[1.         2.06636944 0.        ] [38427]
epoch 2
[1.20675644 3.06115045 1.48324171] 39016.0[1.20675644 3.06115045 1.48324171] [39016]
[1.         2.3747384  1.23636728] 39048.0[1.         2.3747384  1.23636728] [39048]
[1.18104752 2.97901846 1.22291304] 38996.0[1.18104752 2.97901846 1.22291304] [38996]
[1.0646874  2.57372735 0.94633595] 38987.0[1.0646874  2.57372735 0.94633595] [38987]
[1.15015245 2.61582956 0.73230759] 38898.0[1.15015245 2.61582956 0.73230759] [38898]
[1.         2.25524505 1.68721951] 39083.0[1.         2.25524505 1.68721951] [39083]
[1.         2.63684586 0.85971414] 38989.0[1.         2.63684586 0.85971414] [38989]
[1.10401955 2.43797039 0.72917394] 38906.0[1.10401955 2.43797039 0.72917394] [38906]
[1.02255154 3.04735029 1.1641457 ] 39052.0[1.02255154 3.04735029 1.1641457 ] [39052]
[1.         2.90652949 0.85478198] 38993.0[1.         2.90652949 0.85478198] [38993]
[1.03790904 2.82126782 1.34696643] 39079.0[1.03790904 2.82126782 1.34696643] [39079]
[1.00583639 2.88170137 1.23229059] 39056.0[1.00583639 2.88170137 1.23229059] [39056]
[1.         2.69707448 1.25518921] 39076.0[1.         2.69707448 1.25518921] [39076]
[1.         2.55286238 1.0957061 ] 39034.0[1.         2.55286238 1.0957061 ] [39034]
[1.         2.57838473 0.99112312] 39031.0[1.         2.57838473 0.99112312] [39031]
[1.1247771  2.5866785  0.84746128] 38937.0[1.1247771  2.5866785  0.84746128] [38937]
[1.         2.18737556 0.84943973] 38984.0[1.         2.18737556 0.84943973] [38984]
[1.04783264 2.48464955 0.86247588] 38970.0[1.04783264 2.48464955 0.86247588] [38970]
[1.08076495 2.56329636 1.15135471] 39012.0[1.08076495 2.56329636 1.15135471] [39012]
[1.02662138 2.6292719  1.44651911] 39080.0[1.02662138 2.6292719  1.44651911] [39080]
[1.         2.6508653  1.32907449] 39086.0[1.         2.6508653  1.32907449] [39086]
[1.01082434 2.80716289 1.35708733] 39087.0[1.01082434 2.80716289 1.35708733] [39087]
[1.         2.50955474 1.13170104] 39035.0[1.         2.50955474 1.13170104] [39035]
[1.17477242 2.47555939 0.7277    ] 38881.0[1.17477242 2.47555939 0.7277    ] [38881]
[1.10080096 2.61083337 0.90577047] 38961.0[1.10080096 2.61083337 0.90577047] [38961]
[1.0485341  2.55261242 0.93617865] 38996.0[1.0485341  2.55261242 0.93617865] [38996]
[1.04487367 2.57177423 1.23601757] 39038.0[1.04487367 2.57177423 1.23601757] [39038]
[1.03222073 2.71804424 0.70299001] 38934.0[1.03222073 2.71804424 0.70299001] [38934]
[1.         2.79270706 1.39331708] 39098.0[1.         2.79270706 1.39331708] [39098]
[1.         2.68485764 1.01133924] 39035.0[1.         2.68485764 1.01133924] [39035]
[1.         2.58789113 1.37369089] 39091.0[1.         2.58789113 1.37369089] [39091]
[1.09571309 2.57911582 0.61602022] 38873.0[1.09571309 2.57911582 0.61602022] [38873]
[1.080427   2.81427484 0.84910249] 38958.0[1.080427   2.81427484 0.84910249] [38958]
[1.         2.28705144 1.16520593] 39037.0[1.         2.28705144 1.16520593] [39037]
[1.01815072 2.56074685 0.98189095] 39021.0[1.01815072 2.56074685 0.98189095] [39021]
[1.05254442 2.48178558 1.31594338] 39055.0[1.05254442 2.48178558 1.31594338] [39055]
[1.15459538 2.8882242  1.21850005] 39004.0[1.15459538 2.8882242  1.21850005] [39004]
[1.         2.49809402 1.43577309] 39090.0[1.         2.49809402 1.43577309] [39090]
[1.         2.76622552 1.36892816] 39096.0[1.         2.76622552 1.36892816] [39096]
[1.         2.59456757 0.97991956] 39029.0[1.         2.59456757 0.97991956] [39029]
[1.07048224 2.62665816 1.29250693] 39034.0[1.07048224 2.62665816 1.29250693] [39034]
[1.         2.7075657  1.39321581] 39096.0[1.         2.7075657  1.39321581] [39096]
[1.04832414 2.58067413 1.03486487] 39018.0[1.04832414 2.58067413 1.03486487] [39018]
[1.         2.38923831 1.16696278] 39040.0[1.         2.38923831 1.16696278] [39040]
[1.         2.67504055 0.89267318] 39000.0[1.         2.67504055 0.89267318] [39000]
[1.04255715 2.58826754 0.69042768] 38926.0[1.04255715 2.58826754 0.69042768] [38926]
[1.10131014 2.8592212  0.85713109] 38952.0[1.10131014 2.8592212  0.85713109] [38952]
[1.         2.93919427 1.51212623] 39114.0[1.         2.93919427 1.51212623] [39114]
[1.         2.36021828 0.88217353] 38996.0[1.         2.36021828 0.88217353] [38996]
[1.         2.69132186 0.91909409] 39006.0[1.         2.69132186 0.91909409] [39006]
