epoch 0
[0.9454717  2.82189623 0.72418465 1.60504611 3.83219234] 39891.0[0.9454717  2.82189623 0.72418465 1.60504611 3.83219234] [39891]
[0.45839777 1.77703485 1.09080716 1.         2.0520051 ] 39968.0[0.45839777 1.77703485 1.09080716 1.         2.0520051 ] [39968]
[0.94815412 2.02721393 4.34397084 1.61191277 3.1211481 ] 39973.0[0.94815412 2.02721393 4.34397084 1.61191277 3.1211481 ] [39973]
[0.         1.32145016 0.7153171  1.         1.45672076] 40000.0[0.         1.32145016 0.7153171  1.         1.45672076] [40000]
[1.43591665 2.92913591 0.66665666 1.2575909  2.58376757] 39819.0[1.43591665 2.92913591 0.66665666 1.2575909  2.58376757] [39819]
[0.         1.78882699 0.         1.06079999 2.18574522] 39077.0[0.         1.78882699 0.         1.06079999 2.18574522] [39077]
[1.74479718 1.9801578  3.20867062 1.12419279 0.1137841 ] 39961.0[1.74479718 1.9801578  3.20867062 1.12419279 0.1137841 ] [39961]
[3.37076106 1.54978045 0.00774192 1.         1.64336803] 38429.0[3.37076106 1.54978045 0.00774192 1.         1.64336803] [38429]
[0.         2.20138055 0.03142252 1.         0.97631807] 39422.0[0.         2.20138055 0.03142252 1.         0.97631807] [39422]
[0.         1.35382763 1.57702863 1.         1.33948762] 40000.0[0.         1.35382763 1.57702863 1.         1.33948762] [40000]
[2.80096235 2.16079412 0.92385648 1.7282355  2.51304812] 39716.0[2.80096235 2.16079412 0.92385648 1.7282355  2.51304812] [39716]
[0.33534093 1.03968826 0.         1.         0.59595716] 38862.0[0.33534093 1.03968826 0.         1.         0.59595716] [38862]
[3.2617064  1.56251195 5.75869066 1.16484059 1.0041321 ] 39961.0[3.2617064  1.56251195 5.75869066 1.16484059 1.0041321 ] [39961]
[0.03015239 1.7208886  1.56412892 1.         3.92257555] 40000.0[0.03015239 1.7208886  1.56412892 1.         3.92257555] [40000]
[2.94849006 1.72446639 2.57831075 1.57462434 1.22419219] 39915.0[2.94849006 1.72446639 2.57831075 1.57462434 1.22419219] [39915]
[1.72763029 1.         0.68172076 1.         1.91272453] 39754.0[1.72763029 1.         0.68172076 1.         1.91272453] [39754]
[1.76017261 2.69846085 1.81319229 1.         2.35936452] 39920.0[1.76017261 2.69846085 1.81319229 1.         2.35936452] [39920]
[0.         1.91076346 4.12963819 1.         2.10909696] 40000.0[0.         1.91076346 4.12963819 1.         2.10909696] [40000]
[3.37069696 1.63932394 4.26786181 1.         0.73281267] 39956.0[3.37069696 1.63932394 4.26786181 1.         0.73281267] [39956]
[2.03218462 1.56208347 0.76768897 1.         1.81534928] 39752.0[2.03218462 1.56208347 0.76768897 1.         1.81534928] [39752]
epoch 1
[0.         1.77151512 3.53481173 1.         1.92274789] 40000.0[0.         1.77151512 3.53481173 1.         1.92274789] [40000]
[0.         1.37371635 1.75782943 1.00776363 0.57547097] 40000.0[0.         1.37371635 1.75782943 1.00776363 0.57547097] [40000]
[0.         1.5780256  0.8704798  1.         3.29472999] 40000.0[0.         1.5780256  0.8704798  1.         3.29472999] [40000]
