epoch 0
[2.4748786  2.19074674 0.        ] 38465.0[2.4748786  2.19074674 0.        ] [38465]
[1.56123229 1.64382736 1.43365236] 39915.0[1.56123229 1.64382736 1.43365236] [39915]
[1.19988129 1.00909568 2.98767263] 39967.0[1.19988129 1.00909568 2.98767263] [39967]
[3.73273048 2.08385952 0.24927484] 38790.0[3.73273048 2.08385952 0.24927484] [38790]
[3.5488521  2.59001183 1.18135189] 39726.0[3.5488521  2.59001183 1.18135189] [39726]
[0.        2.4570301 0.       ] 39067.0[0.        2.4570301 0.       ] [39067]
[1.55725174 1.3346117  0.        ] 38539.0[1.55725174 1.3346117  0.        ] [38539]
[0.09824909 2.27386423 0.        ] 38878.0[0.09824909 2.27386423 0.        ] [38878]
[3.05864556 1.37802022 3.19111806] 39923.0[3.05864556 1.37802022 3.19111806] [39923]
[0.         2.21973541 3.21980279] 40000.0[0.         2.21973541 3.21980279] [40000]
[2.53363082 1.32688624 0.        ] 38450.0[2.53363082 1.32688624 0.        ] [38450]
[3.22188767 1.88809211 1.48371113] 39831.0[3.22188767 1.88809211 1.48371113] [39831]
[2.00596214 2.10837316 4.48712768] 39967.0[2.00596214 2.10837316 4.48712768] [39967]
[3.94667921 2.10301897 0.        ] 38402.0[3.94667921 2.10301897 0.        ] [38402]
[3.77054883 1.4201412  4.88703988] 39956.0[3.77054883 1.4201412  4.88703988] [39956]
[0.         2.46286496 2.89902695] 40000.0[0.         2.46286496 2.89902695] [40000]
[2.25271611 1.54042621 6.605     ] 39971.0[2.25271611 1.54042621 6.605     ] [39971]
[0.37445071 1.79479996 3.15035691] 39975.0[0.37445071 1.79479996 3.15035691] [39975]
[4.41400536 1.29947888 0.1718735 ] 38616.0[4.41400536 1.29947888 0.1718735 ] [38616]
[2.46318432 2.68657085 0.        ] 38464.0[2.46318432 2.68657085 0.        ] [38464]
epoch 1
[0.         2.45592127 2.66212157] 40000.0[0.         2.45592127 2.66212157] [40000]
[0.94731784 2.07643951 4.43967454] 39973.0[0.94731784 2.07643951 4.43967454] [39973]
[2.08680189 1.63539116 7.13127155] 39972.0[2.08680189 1.63539116 7.13127155] [39972]
[0.74520054 2.04448642 4.0648301 ] 39973.0[0.74520054 2.04448642 4.0648301 ] [39973]
[1.76900438 1.7436363  6.10341891] 39972.0[1.76900438 1.7436363  6.10341891] [39972]
[2.78104266 1.81377714 7.86026975] 39971.0[2.78104266 1.81377714 7.86026975] [39971]
[1.50749026 1.59227004 5.17356958] 39972.0[1.50749026 1.59227004 5.17356958] [39972]
[0.91864419 2.29690193 4.92374973] 39973.0[0.91864419 2.29690193 4.92374973] [39973]
[1.4028926  1.93024574 5.48846523] 39973.0[1.4028926  1.93024574 5.48846523] [39973]
[1.01327493 1.79292052 4.83072699] 39973.0[1.01327493 1.79292052 4.83072699] [39973]
[0.70111388 2.31250672 4.4993161 ] 39974.0[0.70111388 2.31250672 4.4993161 ] [39974]
[0.         2.46302189 2.69280556] 40000.0[0.         2.46302189 2.69280556] [40000]
[0.         2.17200617 2.29710738] 40000.0[0.         2.17200617 2.29710738] [40000]
[0.         2.19001277 1.73929533] 40000.0[0.         2.19001277 1.73929533] [40000]
[0.14010053 1.76916601 3.01553659] 40000.0[0.14010053 1.76916601 3.01553659] [40000]
[0.86178756 2.22409833 4.76714566] 39973.0[0.86178756 2.22409833 4.76714566] [39973]
[2.95973015 1.4030622  7.58205591] 39968.0[2.95973015 1.4030622  7.58205591] [39968]
[1.38869599 1.83318191 4.95119009] 39972.0[1.38869599 1.83318191 4.95119009] [39972]
[1.61630171 1.68994924 5.51341813] 39972.0[1.61630171 1.68994924 5.51341813] [39972]
[0.44815264 2.35236593 3.63271645] 39975.0[0.44815264 2.35236593 3.63271645] [39975]
epoch 2
[0.         2.14677979 1.33372404] 40000.0[0.         2.14677979 1.33372404] [40000]
[0.         2.44534116 2.22699644] 40000.0[0.         2.44534116 2.22699644] [40000]
[0.1110842  1.82350511 1.98708092] 40000.0[0.1110842  1.82350511 1.98708092] [40000]
[0.         2.09574873 1.80983722] 40000.0[0.         2.09574873 1.80983722] [40000]
[0.         2.16950011 1.87310386] 40000.0[0.         2.16950011 1.87310386] [40000]
[0.02379359 2.0135918  2.80921664] 40000.0[0.02379359 2.0135918  2.80921664] [40000]
[0.1283391 1.7126373 2.5633295] 40000.0[0.1283391 1.7126373 2.5633295] [40000]
[0.04653905 2.20576515 2.31125645] 40000.0[0.04653905 2.20576515 2.31125645] [40000]
[0.05218262 2.00918711 2.46683383] 40000.0[0.05218262 2.00918711 2.46683383] [40000]
[0.         2.15103686 2.49957453] 40000.0[0.         2.15103686 2.49957453] [40000]
