epoch 0
[0.93581224 1.         0.         1.63737028 2.84195767] 9636.0[0.93581224 1.         0.         1.63737028 2.84195767] [9636]
[2.96294432 2.70921702 3.53988169 1.         0.07082614] 9976.0[2.96294432 2.70921702 3.53988169 1.         0.07082614] [9976]
[0.35292388 1.91408376 3.869207   1.0322259  1.33512351] 10000.0[0.35292388 1.91408376 3.869207   1.0322259  1.33512351] [10000]
[2.66451126 2.74541155 0.92551009 1.62106444 2.3537232 ] 9902.0[2.66451126 2.74541155 0.92551009 1.62106444 2.3537232 ] [9902]
[0.82220881 1.         3.01037009 1.         1.39581021] 9977.0[0.82220881 1.         3.01037009 1.         1.39581021] [9977]
[0.         2.26060117 3.73553056 1.92336715 0.78084983] 10000.0[0.         2.26060117 3.73553056 1.92336715 0.78084983] [10000]
[0.         2.08539286 0.         1.6763284  2.02038593] 9709.0[0.         2.08539286 0.         1.6763284  2.02038593] [9709]
[2.30085096 1.25219655 1.00891978 1.19345805 2.64221337] 9931.0[2.30085096 1.25219655 1.00891978 1.19345805 2.64221337] [9931]
[2.00269723 2.80455277 4.75845361 2.22465266 2.11754623] 9978.0[2.00269723 2.80455277 4.75845361 2.22465266 2.11754623] [9978]
[0.97290272 1.87237195 0.         1.54150229 0.6518862 ] 9610.0[0.97290272 1.87237195 0.         1.54150229 0.6518862 ] [9610]
[1.42254813 2.06950783 0.44398408 1.43740383 0.8719177 ] 9891.0[1.42254813 2.06950783 0.44398408 1.43740383 0.8719177 ] [9891]
[1.70822634 2.68600294 0.59331776 1.         1.16522228] 9901.0[1.70822634 2.68600294 0.59331776 1.         1.16522228] [9901]
[2.00836882 1.25418583 0.54549834 2.22866055 3.09644427] 9880.0[2.00836882 1.25418583 0.54549834 2.22866055 3.09644427] [9880]
[4.16745676 1.50635752 0.89794421 1.6133939  0.        ] 9862.0[4.16745676 1.50635752 0.89794421 1.6133939  0.        ] [9862]
[1.95829584 2.13989309 0.         1.24073451 2.69913635] 9574.0[1.95829584 2.13989309 0.         1.24073451 2.69913635] [9574]
[1.17665618 2.56712145 5.13458153 1.95432355 1.56919127] 9978.0[1.17665618 2.56712145 5.13458153 1.95432355 1.56919127] [9978]
[3.01862846 1.19597971 0.93502962 1.66186706 0.        ] 9893.0[3.01862846 1.19597971 0.93502962 1.66186706 0.        ] [9893]
[0.44820676 2.18644296 1.53141047 1.91703125 2.95728939] 9978.0[0.44820676 2.18644296 1.53141047 1.91703125 2.95728939] [9978]
[0.8567408  1.69459881 0.         1.         1.25822828] 9623.0[0.8567408  1.69459881 0.         1.         1.25822828] [9623]
[0.22173387 2.8947091  5.53586918 1.12742897 1.11656406] 10000.0[0.22173387 2.8947091  5.53586918 1.12742897 1.11656406] [10000]
epoch 1
[1.62167892 2.95026145 5.15814901 1.98747315 1.9421332 ] 9978.0[1.62167892 2.95026145 5.15814901 1.98747315 1.9421332 ] [9978]
[0.08470264 1.90249239 3.29303315 1.78820093 0.8056631 ] 10000.0[0.08470264 1.90249239 3.29303315 1.78820093 0.8056631 ] [10000]
[0.63574844 2.9633163  4.92726403 1.98477745 1.28340981] 9978.0[0.63574844 2.9633163  4.92726403 1.98477745 1.28340981] [9978]
[1.57369105 3.         6.32206419 1.16759249 1.9905093 ] 9978.0[1.57369105 3.         6.32206419 1.16759249 1.9905093 ] [9978]
[0.94766871 2.50017546 4.36503206 1.89646412 1.53527218] 9978.0[0.94766871 2.50017546 4.36503206 1.89646412 1.53527218] [9978]
[0.85113294 2.84203591 5.16462369 1.64778574 1.45085404] 9978.0[0.85113294 2.84203591 5.16462369 1.64778574 1.45085404] [9978]
[1.25391752 2.60035509 5.45792122 1.         1.89574551] 9978.0[1.25391752 2.60035509 5.45792122 1.         1.89574551] [9978]
[1.59642677 2.52052243 4.76528852 1.6179387  2.01860646] 9978.0[1.59642677 2.52052243 4.76528852 1.6179387  2.01860646] [9978]
[1.24461078 2.20632679 4.04418511 1.65607487 1.75052657] 9978.0[1.24461078 2.20632679 4.04418511 1.65607487 1.75052657] [9978]
[0.57803799 2.37505629 4.31670784 1.50335053 1.36732427] 9978.0[0.57803799 2.37505629 4.31670784 1.50335053 1.36732427] [9978]
[0.         1.92939726 3.83734577 1.         0.64169846] 10000.0[0.         1.92939726 3.83734577 1.         0.64169846] [10000]
[1.58158457 2.47037618 4.59007728 1.60473399 1.9261318 ] 9978.0[1.58158457 2.47037618 4.59007728 1.60473399 1.9261318 ] [9978]
[0.68704109 2.59301034 4.62717736 1.68169952 1.35327176] 9978.0[0.68704109 2.59301034 4.62717736 1.68169952 1.35327176] [9978]
[0.         2.55986648 3.8795622  2.26029933 0.28655199] 10000.0[0.         2.55986648 3.8795622  2.26029933 0.28655199] [10000]
[1.70274983 2.47994607 4.6113353  1.69140581 2.12986037] 9978.0[1.70274983 2.47994607 4.6113353  1.69140581 2.12986037] [9978]
[2.32186592 2.9340835  5.58354521 1.47526201 2.39914501] 9978.0[2.32186592 2.9340835  5.58354521 1.47526201 2.39914501] [9978]
[1.24223927 2.62115606 5.22949257 1.11948663 1.99648865] 9978.0[1.24223927 2.62115606 5.22949257 1.11948663 1.99648865] [9978]
[0.19612676 1.77599767 2.77261792 1.89235238 0.900178  ] 10000.0[0.19612676 1.77599767 2.77261792 1.89235238 0.900178  ] [10000]
[0.81847161 2.27672284 4.57360743 1.         1.67549874] 9978.0[0.81847161 2.27672284 4.57360743 1.         1.67549874] [9978]
[1.22173247 2.80405788 4.49604627 2.29650477 1.50809794] 9978.0[1.22173247 2.80405788 4.49604627 2.29650477 1.50809794] [9978]
epoch 2
[0.23108987 1.70286239 2.72692769 1.98939419 1.01821308] 10000.0[0.23108987 1.70286239 2.72692769 1.98939419 1.01821308] [10000]
[0.17575041 2.31875011 2.81097059 2.83339655 0.5700088 ] 10000.0[0.17575041 2.31875011 2.81097059 2.83339655 0.5700088 ] [10000]
[0.06318487 2.01718062 3.50666212 1.40345832 0.61823981] 10000.0[0.06318487 2.01718062 3.50666212 1.40345832 0.61823981] [10000]
[0.         2.35356447 4.00409863 1.69635984 0.50973667] 10000.0[0.         2.35356447 4.00409863 1.69635984 0.50973667] [10000]
[0.         1.85001214 4.09298479 1.         0.57608402] 10000.0[0.         1.85001214 4.09298479 1.         0.57608402] [10000]
[0.14592446 1.99181888 2.98005803 2.04436084 0.71500925] 10000.0[0.14592446 1.99181888 2.98005803 2.04436084 0.71500925] [10000]
[0.12331597 2.1170869  3.43374029 1.80200246 0.64527922] 10000.0[0.12331597 2.1170869  3.43374029 1.80200246 0.64527922] [10000]
[0.         1.88406977 3.81427089 1.10495202 0.75869368] 10000.0[0.         1.88406977 3.81427089 1.10495202 0.75869368] [10000]
[0.04512424 2.44840337 3.35771178 2.36045396 0.33738348] 10000.0[0.04512424 2.44840337 3.35771178 2.36045396 0.33738348] [10000]
[0.01142774 1.62935344 3.55457175 1.         0.88645733] 10000.0[0.01142774 1.62935344 3.55457175 1.         0.88645733] [10000]
[0.         2.41452596 3.9343688  1.83609878 0.24320622] 10000.0[0.         2.41452596 3.9343688  1.83609878 0.24320622] [10000]
[0.10608502 2.01570847 3.17785285 2.07858875 0.80417922] 10000.0[0.10608502 2.01570847 3.17785285 2.07858875 0.80417922] [10000]
[0.         2.06808348 3.75099746 1.33420714 0.52614849] 10000.0[0.         2.06808348 3.75099746 1.33420714 0.52614849] [10000]
[0.00640445 2.38614692 3.36153338 2.28332667 0.48608135] 10000.0[0.00640445 2.38614692 3.36153338 2.28332667 0.48608135] [10000]
[0.11755596 2.32416368 3.69344348 1.88264471 0.46711575] 10000.0[0.11755596 2.32416368 3.69344348 1.88264471 0.46711575] [10000]
[0.13631096 1.98020042 3.34003416 1.88073738 0.75033655] 10000.0[0.13631096 1.98020042 3.34003416 1.88073738 0.75033655] [10000]
[0.07677525 2.17609253 3.57695652 1.92650039 0.49762863] 10000.0[0.07677525 2.17609253 3.57695652 1.92650039 0.49762863] [10000]
[0.04276025 1.84802352 3.63268571 1.         0.73913887] 10000.0[0.04276025 1.84802352 3.63268571 1.         0.73913887] [10000]
[0.10736451 1.67658608 3.57292538 1.28989209 0.89262183] 10000.0[0.10736451 1.67658608 3.57292538 1.28989209 0.89262183] [10000]
[0.11144733 2.15942782 3.25623389 1.90884288 0.61415804] 10000.0[0.11144733 2.15942782 3.25623389 1.90884288 0.61415804] [10000]
