epoch 0
[7.60986408 2.18444473 0.08328926] 38449.0[7.60986408 2.18444473 0.08328926] [38449]
[5.80288466 1.60101219 1.1147865 ] 38277.0[5.80288466 1.60101219 1.1147865 ] [38277]
[5.32142417 2.48790461 4.4674423 ] 38283.0[5.32142417 2.48790461 4.4674423 ] [38283]
[3.14557518 1.60764603 0.        ] 38385.0[3.14557518 1.60764603 0.        ] [38385]
[4.25995156 2.14429542 1.18161035] 38558.0[4.25995156 2.14429542 1.18161035] [38558]
[5.37045781 2.47569576 7.22093197] 38023.0[5.37045781 2.47569576 7.22093197] [38023]
[3.7861133  2.12353819 6.24420747] 37815.0[3.7861133  2.12353819 6.24420747] [37815]
[3.89947097 2.00379405 0.12519811] 38496.0[3.89947097 2.00379405 0.12519811] [38496]
[3.20967064 2.11753782 0.        ] 38378.0[3.20967064 2.11753782 0.        ] [38378]
[8.8751708  2.60680845 0.        ] 38363.0[8.8751708  2.60680845 0.        ] [38363]
[3.91566899 2.19228083 0.        ] 38371.0[3.91566899 2.19228083 0.        ] [38371]
[4.78533646 2.60287157 2.32570056] 38562.0[4.78533646 2.60287157 2.32570056] [38562]
[5.75158249 3.         0.        ] 38350.0[5.75158249 3.         0.        ] [38350]
[3.56065347 2.2916186  0.54622905] 38592.0[3.56065347 2.2916186  0.54622905] [38592]
[5.69602974 1.40250119 1.14193653] 38075.0[5.69602974 1.40250119 1.14193653] [38075]
[3.77955334 1.06896711 0.33284727] 38441.0[3.77955334 1.06896711 0.33284727] [38441]
[5.68589037 3.         0.        ] 38350.0[5.68589037 3.         0.        ] [38350]
[2.6402921  2.1703708  5.15391418] 38161.0[2.6402921  2.1703708  5.15391418] [38161]
[8.0249829  2.05372673 0.        ] 38374.0[8.0249829  2.05372673 0.        ] [38374]
[6.74260925 1.54484965 4.43151061] 36273.0[6.74260925 1.54484965 4.43151061] [36273]
epoch 1
[4.06165851 2.21045681 0.78013924] 38601.0[4.06165851 2.21045681 0.78013924] [38601]
[3.1777866  2.02785242 0.        ] 38380.0[3.1777866  2.02785242 0.        ] [38380]
[3.81953102 2.20604917 0.35576803] 38540.0[3.81953102 2.20604917 0.35576803] [38540]
[3.54735118 1.97486859 0.        ] 38376.0[3.54735118 1.97486859 0.        ] [38376]
[3.36852796 2.00751984 0.        ] 38378.0[3.36852796 2.00751984 0.        ] [38378]
[3.91639628 2.08210097 0.52555396] 38575.0[3.91639628 2.08210097 0.52555396] [38575]
[4.51291484 2.13338934 1.12067854] 38546.0[4.51291484 2.13338934 1.12067854] [38546]
[4.64999383 2.44676119 1.90137671] 38568.0[4.64999383 2.44676119 1.90137671] [38568]
[4.55985597 2.24207838 1.42422736] 38557.0[4.55985597 2.24207838 1.42422736] [38557]
[3.95025153 2.2245564  0.5560806 ] 38582.0[3.95025153 2.2245564  0.5560806 ] [38582]
[4.03096717 2.16656396 0.56082485] 38584.0[4.03096717 2.16656396 0.56082485] [38584]
[4.09950871 2.28897737 0.81719298] 38620.0[4.09950871 2.28897737 0.81719298] [38620]
[3.96986542 2.21074848 1.01823998] 38609.0[3.96986542 2.21074848 1.01823998] [38609]
[4.06056262 2.3210467  0.9159714 ] 38617.0[4.06056262 2.3210467  0.9159714 ] [38617]
[3.84338351 2.22693174 0.62239844] 38611.0[3.84338351 2.22693174 0.62239844] [38611]
[4.51641685 2.30370029 1.45806806] 38574.0[4.51641685 2.30370029 1.45806806] [38574]
[4.50205859 2.30994926 1.33690873] 38575.0[4.50205859 2.30994926 1.33690873] [38575]
[3.86545185 2.06754878 0.33151221] 38532.0[3.86545185 2.06754878 0.33151221] [38532]
[4.66233465 2.40564697 1.95772399] 38554.0[4.66233465 2.40564697 1.95772399] [38554]
[3.70369498 1.94492829 0.        ] 38374.0[3.70369498 1.94492829 0.        ] [38374]
epoch 2
[3.98720793 2.2754443  0.58782608] 38597.0[3.98720793 2.2754443  0.58782608] [38597]
[3.87204835 2.2802754  0.49050935] 38577.0[3.87204835 2.2802754  0.49050935] [38577]
[4.05078398 2.25628034 0.65749   ] 38599.0[4.05078398 2.25628034 0.65749   ] [38599]
[4.18260538 2.29161509 1.25069416] 38586.0[4.18260538 2.29161509 1.25069416] [38586]
[3.68577992 2.16182956 0.79383227] 38612.0[3.68577992 2.16182956 0.79383227] [38612]
[3.95399644 2.35717826 0.9053374 ] 38623.0[3.95399644 2.35717826 0.9053374 ] [38623]
[3.91426785 2.28057557 0.53258626] 38584.0[3.91426785 2.28057557 0.53258626] [38584]
[4.07172881 2.21921835 0.86793048] 38601.0[4.07172881 2.21921835 0.86793048] [38601]
[4.19802412 2.27933566 1.02127392] 38610.0[4.19802412 2.27933566 1.02127392] [38610]
[3.76921684 2.21805723 0.74950095] 38605.0[3.76921684 2.21805723 0.74950095] [38605]
[4.13913403 2.30119064 0.89301979] 38612.0[4.13913403 2.30119064 0.89301979] [38612]
[3.85163586 2.28502399 0.586327  ] 38599.0[3.85163586 2.28502399 0.586327  ] [38599]
[4.1579899  2.33777257 1.20949362] 38605.0[4.1579899  2.33777257 1.20949362] [38605]
[3.81468353 2.12972492 0.86091948] 38599.0[3.81468353 2.12972492 0.86091948] [38599]
[3.90432234 2.24865945 0.62488135] 38610.0[3.90432234 2.24865945 0.62488135] [38610]
[4.20898397 2.32833639 0.91524163] 38612.0[4.20898397 2.32833639 0.91524163] [38612]
[4.05124436 2.2416617  0.99506304] 38608.0[4.05124436 2.2416617  0.99506304] [38608]
[4.00334993 2.24326643 0.71377463] 38595.0[4.00334993 2.24326643 0.71377463] [38595]
[3.89662131 2.2021738  1.14423707] 38592.0[3.89662131 2.2021738  1.14423707] [38592]
[3.95039601 2.26603598 1.02236145] 38617.0[3.95039601 2.26603598 1.02236145] [38617]
