epoch 0
[0.39252385 1.23210673 8.61054613 1.         1.24966623] 10000.0[0.39252385 1.23210673 8.61054613 1.         1.24966623] 10000
[0.         2.06259798 0.         1.18072821 3.49956141] 4992.0[0.         2.06259798 0.         1.18072821 3.49956141] 4992
[1.89977887 2.45798038 0.         1.         1.15972204] 9700.0[1.89977887 2.45798038 0.         1.         1.15972204] 9700
[0.98316326 3.         0.         1.         2.86855839] 9616.0[0.98316326 3.         0.         1.         2.86855839] 9616
[0.         1.370524   3.44609418 1.         0.        ] 10000.0[0.         1.370524   3.44609418 1.         0.        ] 10000
[3.63963429 2.59485663 2.95288356 1.81496753 0.55726444] 4994.0[3.63963429 2.59485663 2.95288356 1.81496753 0.55726444] 4994
[3.23038161 1.05206386 8.91006958 1.3015949  3.4714018 ] 4998.0[3.23038161 1.05206386 8.91006958 1.3015949  3.4714018 ] 4998
[1.86162855 1.70404945 0.         2.29094034 1.39214654] 4800.0[1.86162855 1.70404945 0.         2.29094034 1.39214654] 4800
[1.16999995 1.67106353 0.         1.037143   0.63142769] 4800.0[1.16999995 1.67106353 0.         1.037143   0.63142769] 4800
[2.61408067 1.02693823 0.         1.         1.49647411] 9620.0[2.61408067 1.02693823 0.         1.         1.49647411] 9620
[0.0923818  1.96181208 2.25184797 2.22328896 2.7167122 ] 5000.0[0.0923818  1.96181208 2.25184797 2.22328896 2.7167122 ] 5000
[1.44132914 2.62414918 5.27386552 2.48256314 3.17046999] 4982.0[1.44132914 2.62414918 5.27386552 2.48256314 3.17046999] 4982
[0.         2.53278977 0.         1.50511319 3.61957634] 4984.0[0.         2.53278977 0.         1.50511319 3.61957634] 4984
[1.93910431 1.         1.82200121 1.         2.02023559] 9990.0[1.93910431 1.         1.82200121 1.         2.02023559] 9990
[4.58242602 1.48575957 0.85659697 1.         3.28221934] 9930.0[4.58242602 1.48575957 0.85659697 1.         3.28221934] 9930
[0.41753926 1.56582861 0.         1.97915121 3.08819713] 4860.0[0.41753926 1.56582861 0.         1.97915121 3.08819713] 4860
[0.         2.65462916 2.76036706 1.27769172 2.9557688 ] 5000.0[0.         2.65462916 2.76036706 1.27769172 2.9557688 ] 5000
[0.         1.6706693  0.         1.         2.73976926] 10000.0[0.         1.6706693  0.         1.         2.73976926] 10000
[1.57690051 2.95457396 2.96703684 1.16231636 1.43862276] 4998.0[1.57690051 2.95457396 2.96703684 1.16231636 1.43862276] 4998
[0.78054001 2.10241473 0.         1.         0.        ] 9800.0[0.78054001 2.10241473 0.         1.         0.        ] 9800
epoch 1
[0.82923016 1.03045126 6.13296137 1.         0.18635131] 10000.0[0.82923016 1.03045126 6.13296137 1.         0.18635131] 10000
[0.42045492 1.28060441 6.14215061 1.01445756 1.10947024] 5000.0[0.42045492 1.28060441 6.14215061 1.01445756 1.10947024] 5000
[0.68315009 1.1433632  6.31244589 1.02804782 0.84050512] 5000.0[0.68315009 1.1433632  6.31244589 1.02804782 0.84050512] 5000
[0.45517656 1.4718207  2.36412825 1.         2.89683287] 9996.0[0.45517656 1.4718207  2.36412825 1.         2.89683287] 9996
[2.51202586 1.         1.61916576 1.01609391 2.44793979] 4992.0[2.51202586 1.         1.61916576 1.01609391 2.44793979] 4992
[1.2011807  1.09419838 7.3111696  1.02337806 2.24732237] 5000.0[1.2011807  1.09419838 7.3111696  1.02337806 2.24732237] 5000
[0.54322925 1.33823118 3.67905088 1.01338254 1.0670226 ] 5000.0[0.54322925 1.33823118 3.67905088 1.01338254 1.0670226 ] 5000
[0.84116253 1.14800463 5.9645759  1.         1.24592   ] 10000.0[0.84116253 1.14800463 5.9645759  1.         1.24592   ] 10000
[0.20509923 1.49000296 0.88962185 1.         1.59834418] 10000.0[0.20509923 1.49000296 0.88962185 1.         1.59834418] 10000
[2.77900093 1.         4.13876627 1.         1.8286968 ] 10000.0[2.77900093 1.         4.13876627 1.         1.8286968 ] 10000
[0.         1.81172963 2.58159436 1.03352314 2.95705769] 5000.0[0.         1.81172963 2.58159436 1.03352314 2.95705769] 5000
[0.         1.89392799 0.77443212 1.         3.80050441] 9994.0[0.         1.89392799 0.77443212 1.         3.80050441] 9994
[0.38187497 1.21538555 3.64217023 1.         0.        ] 10000.0[0.38187497 1.21538555 3.64217023 1.         0.        ] 10000
[0.         2.00870225 0.         1.         4.43411659] 9996.0[0.         2.00870225 0.         1.         4.43411659] 9996
[0.         1.61309481 4.98280508 1.01687644 0.21334488] 5000.0[0.         1.61309481 4.98280508 1.01687644 0.21334488] 5000
[1.26504101 1.12349669 6.46897536 1.00618603 2.55786784] 5000.0[1.26504101 1.12349669 6.46897536 1.00618603 2.55786784] 5000
[2.17503789 1.         3.31874249 1.01197102 3.20900778] 4996.0[2.17503789 1.         3.31874249 1.01197102 3.20900778] 4996
[1.81143391 1.24895643 0.         1.02561593 2.41190231] 4800.0[1.81143391 1.24895643 0.         1.02561593 2.41190231] 4800
[1.44032506 1.04563941 3.88993857 1.00233375 1.11604223] 5000.0[1.44032506 1.04563941 3.88993857 1.00233375 1.11604223] 5000
[0.4130803  1.20259036 9.88929014 1.00866146 1.22621942] 5000.0[0.4130803  1.20259036 9.88929014 1.00866146 1.22621942] 5000
epoch 2
[1.12765391 1.         7.49909158 1.         0.7626011 ] 10000.0[1.12765391 1.         7.49909158 1.         0.7626011 ] 10000
[0.00494336 1.59875333 0.         1.         1.66080506] 10000.0[0.00494336 1.59875333 0.         1.         1.66080506] 10000
[0.03126007 1.39196851 1.35561523 1.01434259 0.44363449] 5000.0[0.03126007 1.39196851 1.35561523 1.01434259 0.44363449] 5000
[0.66367246 1.08794488 4.38876496 1.         0.        ] 10000.0[0.66367246 1.08794488 4.38876496 1.         0.        ] 10000
[1.24343351 1.         9.05324524 1.         0.79519902] 10000.0[1.24343351 1.         9.05324524 1.         0.79519902] 10000
[0.27067486 1.44185723 1.14530775 1.         0.81601695] 10000.0[0.27067486 1.44185723 1.14530775 1.         0.81601695] 10000
[0.1703357  1.44919508 0.55066578 1.03044895 1.55559754] 5000.0[0.1703357  1.44919508 0.55066578 1.03044895 1.55559754] 5000
[0.28151805 1.26330287 2.75272939 1.00956323 0.22741085] 5000.0[0.28151805 1.26330287 2.75272939 1.00956323 0.22741085] 5000
[0.84420263 1.21257246 5.72351576 1.00478281 1.78628139] 5000.0[0.84420263 1.21257246 5.72351576 1.00478281 1.78628139] 5000
[0.48757679 1.39335084 3.33279052 1.         1.64959314] 10000.0[0.48757679 1.39335084 3.33279052 1.         1.64959314] 10000
[0.65723061 1.20263735 4.28687376 1.         0.9725905 ] 10000.0[0.65723061 1.20263735 4.28687376 1.         0.9725905 ] 10000
[0.56862681 1.27878623 4.32364786 1.         1.1071911 ] 10000.0[0.56862681 1.27878623 4.32364786 1.         1.1071911 ] 10000
[0.90779508 1.         8.18680359 1.         0.        ] 10000.0[0.90779508 1.         8.18680359 1.         0.        ] 10000
[0.44115026 1.44694086 2.24636214 1.         1.72713386] 9996.0[0.44115026 1.44694086 2.24636214 1.         1.72713386] 9996
[0.61047992 1.3930631  3.04948484 1.         2.21793198] 9994.0[0.61047992 1.3930631  3.04948484 1.         2.21793198] 9994
[0.15847218 1.44969527 0.89808799 1.00122873 1.40394787] 5000.0[0.15847218 1.44969527 0.89808799 1.00122873 1.40394787] 5000
[0.69764818 1.03334325 6.09795662 1.         0.2194586 ] 10000.0[0.69764818 1.03334325 6.09795662 1.         0.2194586 ] 10000
[0.51805565 1.19469181 4.27784912 1.00525824 0.26576397] 5000.0[0.51805565 1.19469181 4.27784912 1.00525824 0.26576397] 5000
[0.68715    1.         6.12989983 1.         0.        ] 10000.0[0.68715    1.         6.12989983 1.         0.        ] 10000
[0.         1.45255884 0.43091689 1.00005513 0.64724426] 5000.0[0.         1.45255884 0.43091689 1.00005513 0.64724426] 5000
